-------------------------------------------------------------------------------------------------------------------------------------------------
|        Queries|           Hits|           Miss|recvShiftedQuer|SentShiftedQuer|  RequestedData|   ReceivedData|    AveExecTime|    AveWaitTime|
-------------------------------------------------------------------------------------------------------------------------------------------------
|          10000|           1056|           8944|            603|           6840|              6|              6|    4.13090E-02|    3.83400E-03|
|          20000|           2077|          17923|           1767|          16195|             13|             13|    7.90090E-02|    7.55400E-03|
|          30000|           3077|          26923|           2373|          25438|             26|             26|    1.16383E-01|    1.12340E-02|
|          40000|           4059|          35941|           2822|          34607|             37|             37|    1.54926E-01|    1.52670E-02|
|          50000|           4994|          45006|           3160|          43772|             45|             45|    1.91600E-01|    1.92050E-02|
|          60000|           5898|          54102|           3435|          52941|             58|             58|    2.27597E-01|    2.30740E-02|
|          70000|           6864|          63136|           3698|          62027|             67|             67|    2.65230E-01|    2.68920E-02|
|          80000|           7800|          72200|           3925|          71134|             77|             77|    3.01449E-01|    3.06130E-02|
|          90000|           8778|          81222|           4109|          80194|             84|             84|    3.39476E-01|    3.44840E-02|
|         100000|           9731|          90269|           4291|          89267|             92|             92|    3.76964E-01|    3.83470E-02|
|         110000|          10658|          99342|           4445|          98361|             98|             98|    4.12642E-01|    4.19760E-02|
|         120000|          11525|         108475|           4587|         107511|            105|            105|    4.48091E-01|    4.55300E-02|
|         130000|          12399|         117601|           4717|         116655|            117|            117|    4.82019E-01|    4.89480E-02|
|         140000|          13253|         126747|           4849|         125814|            124|            124|    5.17705E-01|    5.26560E-02|
|         150000|          14204|         135796|           4997|         134886|            140|            140|    5.55138E-01|    5.62930E-02|
|         160000|          15115|         144885|           5141|         143991|            147|            147|    5.90870E-01|    5.99930E-02|
|         170000|          16024|         153976|           5278|         153091|            153|            153|    6.26475E-01|    6.37280E-02|
|         180000|          16931|         163069|           5412|         162197|            161|            161|    6.63173E-01|    6.74960E-02|
|         190000|          17797|         172203|           5554|         171345|            173|            173|    7.01727E-01|    7.12270E-02|
|         200000|          18658|         181342|           5672|         180494|            181|            181|    7.38827E-01|    7.49100E-02|
-------------------------------------------------------------------------------------------------------------------------------------------------
SchedulerTime:	         2.328665E+01 S
